((("+BEGIN_SRC" .
   [0 0 0 0 0 0 1 0 0 0])
  ("helm" .
   [1 0 0 0])
  ("<h1>Chess" .
   [2 0 0 0 0 0 0 0 0])
  ("sharesansar" .
   [0 0 0 4 1 1 0 0 0 0 0])
  ("the" .
   [1 0 0])
  ("lets" .
   [1 0 0 0])
  ("down" .
   [1 0 0 0])
  ("github" .
   [1 0 0 0 0 0])
  ("compatibility" .
   [0 0 0 0 0 0 1 0 0 0 0 0 0])
  ("emacs" .
   [3 0 0 1 0])
  ("manager" .
   [1 0 0 0 0 0 0])
  ("package" .
   [1 0 0 0 0 0 0])
  ("Org" .
   [0 0 2])
  ("README" .
   [1 0 0 0 0 0])
  ("converted" .
   [1 0 0 0 0 0 0 0 0])
  ("been" .
   [1 0 0 0])
  ("config" .
   [2 0 0 0 0 0])
  ("this" .
   [1 0 0 0])
  ("for" .
   [3 0 0])
  ("EMACS" .
   [0 0 0 0 2])
  ("This" .
   [2 0 0 0])
  ("was" .
   [1 0 0])
  ("and" .
   [2 0 0])
  ("+BEGIN_EXAMPLE" .
   [0 0 1 1 0 0 0 0 1 0 1 0 0 0])
  ("+END_SRC" .
   [0 0 0 1 0 0 2 1])
  ("+END_EXAMPLE" .
   [7 0 0 2 3 0 0 2 0 2 0 2])
  ("import" .
   [1 0 0 0 0 0])
  ("modules" .
   [1 0 0 0 0 0 0])
  ("beep" .
   [1 0 0 0])
  ("while" .
   [1 0 0 0 0])
  ("+begin_src" .
   [2 0 0 2 0 0 1 0 0 0])
  ("+end_src" .
   [63 0 0 3 3 2 1 1])
  ("emacs-lisp" .
   [0 0 0 0 0 1 2 0 1 0])
  ("website_link" .
   [1 0 0 0 0 0 0 0 0 0 0 0])
  ("div" .
   [1 0 0])
  ("news" .
   [3 0 0 0])
  ("****" .
   [1 0 0 0])
  ("l" .
   [1])
  ("it's" .
   [1 0 0 0])
  ("requires" .
   [1 0 0 0 0 0 0 0])
  ("lots" .
   [1 0 0 0])
  ("+end_sr" .
   [0 0 0 0 0 1 0])
  ("its" .
   [0 0 2])
  ("sqlite3" .
   [0 0 1 0 0 0 0])
  ("error" .
   [1 0 0 0 0])
  ("StandardError" .
   [0 0 1 0 0 0 0 0 0 0 0 0 0])))
